  16829   8450  20635   8126  16767  17233   3478  28171  28111  16798
  10971  24107  30561  16880  17263  12559  23787   2906  10552   4790
    840  18689  29698   6308  13503  17033  10665  22683   2726   2491
  29020  19555  10941  16888  27682  27709   1353  31160  23112  29464
  15190   1315  20803  12983  18195   5298  25543   9215   8204   3327
  14005   9044  22016  10936  15352   2751  27969  26018  25435  30695
  28509  21687  17483   6683   5807  12397   1624   7160  10789  24736
   3857  25980  26052  24660   6195  11479  29959  31738  20694   5395
   2297   1932  14440  24314  12868  29792  27065   8069  23042  19732
   5997  18784   8652  23480  25467  14459   3109  27091  21620  13898
  19059  25477   7110  12343  17369  13306  23823  14560  12276  11749
  19956  14574  13681   1628   6120  26549  31420    417   1851  21695
  20150   7848   7711  28802  31328    410  10493   1669  27501  32113
  15567  13792  24822  22678  26136   9424   3216  17191  23984  15492
  28940  11172  30066   9854  12800   3418   3635  11453   3836   5486
    380  23986  13334   8091  20020  11894   8501  30513  13563   3234
  29859  29131  17026  21913  19041  10394  31337  22257  27585  22554
   4981  23758    958   2280    844  13759   5698   4479  25212   9534
   9966  25592    752  23300    915  20772   2427   9416  18518  15990
  12650  15609  12353  29676   4754  31394   7303   3324  20883   2120
  25878  25865  25878  26836  28145  26722   7827   1075  31202    271
  10610   8400  25863  11362  31700  26778  32135   1359   3426  17885
  17350  16076    726  29703  12985   5480  28330  20288   8804  16445
  22408   1914   9542  15519  28751   4919   9473   3810   5995   7907
   4082  16605  16307  29945  27967  15240  23956  27334  16599  27382
  12451   1181  10691  13177  30885  23676  18658  26447  11196  27462
  10124    836  29377  19667  16355  25360  24586  25829  29170  30581
    968    484  14418  17276  30430   9618  32516  21618   4184  16347
  16232  16636  17529  26923  29813  15646  17831  15703   9325  29027
  10398  19449  29864   7007   6348  13451  32367  30935   6512  28769
  28748   7481  29254  10399  24757  26916  20017  24505  15766  24201
   8084  31998   8069  25613  26154   5115   8491  11217  20818  17816
   7477  31216   4498   4573   5455  10846  18024   5054   9013  24537
   1056   4994  32018  30310  15393  24007  24458   2642  15744   7456
  26843  23828   6686   2145  16674     72   7260  25165  11290  28078
  10214  18767  26527  14712  23340  31982  25558   8596   4269   1804
    365   5325   6798  32383   2867  22191  23622  27325  24833   6598
   2013  18908  30427   8699  21053  14333   8772  28313   6730  20062
  23624  16944   6061  17383  31656  29401  16597  24447   5229  20866
  26251   5595  26191    281   5210  29058  22472  28833  23615  14537
   2663  25628    677    322   1560  21731  14655  10332  17276  21386
  30394   8132   5562   3687  25515   4451    320   9345  28898   5549
  30211  22381  11144  23635  22662  16355  19925  12366  12420  10773
  26903  15083   3633  27580  15406   5193  16543  30061  15525   1052
  18679  13151   9184  24242  16838   1932  28693  17158  11277  24823
  22708   8720  14436   1084  32355   4330  17439  19513  16696  29859
  30286  10831  12175   1151   5643  27581   6345  22187  24874  21870
  23239  10786   2254  32423   2260  19092   1587  30953   3483  12864
  23008  26191  21585   4676  27275  21172   9006  11947   7917  25702
   9038   5435   3765  21213   6587   9408  16026  12932  31595   8133
   2034  22066  18919   4288  21722  21179  23381  23309  19364  26864
   3406   9604  20287  24991  14280  14794  13395  23286  26741  21313
  16220   3012  26748  19985  24225    567  29393   7484  13499  28221
  15617  15534  17519   1768  19822   6473  22947  10435  29783   9543
   4531    421  19147  24818  25412    659   6845   6039  23945    818
  27352   7397   3830  21333  27382  28056  21900  24007   2772   2632
  19460  18389  18166   4212  20157   5220  10685  10336  15656   7700
  19879  20187   8121   6258  12238    765   6917  19083   6805  30862
  19901   1389   5491  23732  22722    105  19020  11855  24112  21792
  14487  10805   7413  32653  15017  27570   5105  25702   5138  20761
    635  25017   8181   8756  31275  20419   9522   5424   6734  16327
   3518  26635  17716   9009  17599   7671   9114   3851  19526    458
  25643   1245  11263    288   1130  26280  27858   6235  19215    228
  26997  19850  25245   2410  28606  23752  22829   5360  29176  29563
  21687  32694  23430   6636   8935   8262  14307  18049  12113   1065
  18508   4989   2310  29771   5277   3440  23284    368   9675   9731
    596   3904  29581  25842   6314  25419  16826  29143  30780  13235
  25938  19699  13161  16601  26335  22097  24863   7874   7378   4208
   8939  25886   9197  11249  22890  14475  14689  13406  14843  24365
  23137  15439  28269  19950   8513   1816  12601  25340  30959  10613
   5807  24130  30313  18968   7963  23880   8297     58  31755  15676
   4266   7926   8794  13464  19176  31684  27939   1097  12322  10014
  25462   2691  25453  20964  22641   1199  22780   2475  26539  20971
  13088  32346  12333  10633  18546  20296   1746  26844  20354    733
   9752  24621   8659  18546   5317  27835  17463    488  28933  29785
  10502  21627  32477   3187   9823  22350   4386  32603  24825  30925
  20807   5146  30503    372  15779  16282  20669  17525  10358   8255
  18258  20110    108  26918   5888   5425  21985  23351   5913  18150
  20369  16415   7010  20078  19603  16833   9660  23989  16669   1718
  22147   4708   6864  19882   5080  22643   3396  25749   7401  13754
   1237  25659   1096   1345  19809   6985   6771   9027  30336  12684
  27177  17937  29100   1419   5247  15935  18253  14908   7156   2154
  16626  29303   6862  23490  16418  11942  13365  19814   4924  20766
    801   6161  13658   1897   7506    699   8882  14277   9726   6451
  26962   4136  24388  23294   5555  29636   6461  23808  11776  13617
  25962  28402  10153     56  19124  26571  11999  32489  13617  16923
  20488  14418  23084   1378  16316  30590   2077  25198  12100  11804
  31649   6294  15940  23270  29588  21495  20138   3281  12536  31914
  16898   5730  27548  27051   5787  13904  20854  17786  13625   1704
   1941   1345  16122  25025   2723  32438  22847   4801  24869   2179
  16605  23750   8473  32545  14252   5293  21272   1622   8574   1040
    768  25473   6771  28316  19756  12558   9452   7843  30344  23078
   9547  32285  24423  25669  24542  27147  25340  14621  31948  17441
  16801  15785   8423  25274  15562  22676  30568   4066  24298   6374
   5107  25067  31847  11878  20615  18836  24436  30068  26679  22012
  20378   3458  21529  12033  29127  13303   6412  21699  27924   5592
   6372  11957  21377  14796   4464   4171   4704   2264   8238  29002
   8638  13345  21301   7718  25223   9149  26554  16891   6449  20465
   6135  26827  23923  27664   6092  20282   8199  12505   9214   3355
  18097  15586  15313   6707  30382  19777  10878   2318  22041  19116
